scene = test
camspeed = 11.515
ambient_light = 0.99999 0.999998 1
ambient_intensity = 0.15
