scene = 
camspeed = 15.2
ambient_light = 1 0.99999 0.99999
ambient_intensity = 0.45
